(0,34) (0,35) (0,36) (0,37) (1,37)
(1,37) (1,38) (2,38) (2,39) (3,39) (4,39) (5,39)
(5,39) (6,39)
(6,39) (7,39) (8,39) (9,39) (10,39) (11,39)
(11,39) (11,38) (11,37) (11,36) (11,35) (11,34) (11,33) (12,33) (12,32) (12,31) (12,30) (12,29) (12,28) (12,27) (12,26) (12,25) (12,24) (13,24) (14,24)
(14,24) (14,23) (14,22)
(14,24) (15,24) (16,24) (16,25)
(14,22) (13,22) (13,21) (13,20) (13,19)
(13,19) (13,18) (13,17) (13,16)
(13,16) (12,16) (11,16) (10,16)
(13,19) (14,19) (15,19) (16,19) (17,19) (18,19)
(13,16) (13,15) (13,14) (14,14) (14,13) (15,13) (16,13) (17,13)
(18,19) (18,18) (18,17) (19,17) (20,17) (21,17) (22,17) (23,17) (24,17)
(24,17) (24,16) (24,15) (24,14) (24,13) (24,12) (24,11) (24,10) (25,10)
(25,10) (25,9) (24,9) (23,9) (22,9)
(25,10) (26,10) (26,9) (26,8) (26,7) (26,6) (26,5) (26,4) (26,3)
(26,3) (25,3) (24,3) (23,3) (22,3) (21,3) (21,2) (21,1)
(10,16) (9,16) (8,16) (8,15) (8,14) (8,13) (8,12) (7,12) (6,12) (5,12) (5,11) (5,10)
(25,10) (25,11) (25,12) (26,12) (27,12) (28,12) (29,12) (30,12) (31,12) (32,12) (33,12) (34,12) (34,13) (35,13)
(16,25) (16,26) (16,27) (16,28) (16,29) (16,30) (17,30) (18,30) (19,30) (20,30) (21,30) (22,30) (23,30) (24,30) (25,30) (26,30)
(26,30) (26,31) (26,32) (26,33) (26,34) (26,35) (27,35) (28,35) (28,36) (29,36)
